world: Mundo
x: 343
y: 82
z: -418
yaw: -25.288233
pitch: 19.499977
