world: Mundo
x: 869
y: 71
z: -458
yaw: -70.89078
pitch: 15.8999605
